09500 331.000000 1046.250000 4.050000 0 0 0
09501 331.000000 1046.250000 9.900000 0 0 0
09502 331.000000 1046.250000 10.000000 0 0 0
09503 331.000000 1046.250000 15.850000 0 0 0
09504 331.000000 1046.250000 15.950000 0 0 0
09505 331.000000 1046.250000 21.800000 0 0 0
09506 331.000000 1046.250000 21.900000 0 0 0
09507 331.000000 1046.250000 27.750001 0 0 0
09508 331.000000 1046.250000 27.850001 0 0 0
09509 331.000000 1046.250000 33.700000 0 0 0
09510 331.000000 1046.250000 33.800000 0 0 0
09511 331.000000 1046.250000 39.650001 0 0 0
09512 331.000000 1046.250000 39.750001 0 0 0
09513 331.000000 1046.250000 45.600002 0 0 0
09514 331.000000 1046.250000 45.700002 0 0 0
09515 331.000000 1046.250000 51.550002 0 0 0
09516 331.000000 1046.250000 51.650002 0 0 0
09517 331.000000 1046.250000 57.500003 0 0 0
09518 331.000000 1046.250000 57.600003 0 0 0
09519 331.000000 1046.250000 63.450004 0 0 0
09520 331.000000 1046.250000 63.550004 0 0 0
09521 331.000000 1046.250000 69.400005 0 0 0
09522 331.000000 1046.250000 69.500005 0 0 0
09523 331.000000 1046.250000 75.350002 0 0 0
09524 331.000000 1046.250000 75.450002 0 0 0
09525 331.000000 1046.250000 81.299998 0 0 0
09526 331.000000 1046.250000 81.399998 0 0 0
09527 331.000000 1046.250000 87.249995 0 0 0
09528 331.000000 1046.250000 87.349995 0 0 0
09529 331.000000 1046.250000 93.199992 0 0 0
09530 331.000000 1046.250000 93.299992 0 0 0
09531 331.000000 1046.250000 99.149989 0 0 0
09400 331.000000 1046.250000 100.249989 0 0 0
09401 331.000000 1046.250000 106.099986 0 0 0
09402 331.000000 1046.250000 106.199986 0 0 0
09403 331.000000 1046.250000 112.049983 0 0 0
09404 331.000000 1046.250000 112.149983 0 0 0
09405 331.000000 1046.250000 117.999980 0 0 0
09406 331.000000 1046.250000 118.099980 0 0 0
09407 331.000000 1046.250000 123.949977 0 0 0
09408 331.000000 1046.250000 124.049977 0 0 0
09409 331.000000 1046.250000 129.899982 0 0 0
09410 331.000000 1046.250000 129.999982 0 0 0
09411 331.000000 1046.250000 135.849979 0 0 0
09412 331.000000 1046.250000 135.949979 0 0 0
09413 331.000000 1046.250000 141.799976 0 0 0
09414 331.000000 1046.250000 141.899976 0 0 0
09415 331.000000 1046.250000 147.749973 0 0 0
09416 331.000000 1046.250000 147.849973 0 0 0
09417 331.000000 1046.250000 153.699969 0 0 0
09418 331.000000 1046.250000 153.799969 0 0 0
09419 331.000000 1046.250000 159.649966 0 0 0
09420 331.000000 1046.250000 159.749966 0 0 0
09421 331.000000 1046.250000 165.599963 0 0 0
09422 331.000000 1046.250000 165.699963 0 0 0
09423 331.000000 1046.250000 171.549960 0 0 0
09424 331.000000 1046.250000 171.649960 0 0 0
09425 331.000000 1046.250000 177.499957 0 0 0
09426 331.000000 1046.250000 177.599957 0 0 0
09427 331.000000 1046.250000 183.449954 0 0 0
09428 331.000000 1046.250000 183.549954 0 0 0
09429 331.000000 1046.250000 189.399951 0 0 0
09430 331.000000 1046.250000 189.499951 0 0 0
09431 331.000000 1046.250000 195.349948 0 0 0
09300 331.000000 1046.250000 196.449948 0 0 0
09301 331.000000 1046.250000 202.299945 0 0 0
09302 331.000000 1046.250000 202.399945 0 0 0
09303 331.000000 1046.250000 208.249942 0 0 0
09304 331.000000 1046.250000 208.349942 0 0 0
09305 331.000000 1046.250000 214.199939 0 0 0
09306 331.000000 1046.250000 214.299939 0 0 0
09307 331.000000 1046.250000 220.149936 0 0 0
09308 331.000000 1046.250000 220.249936 0 0 0
09309 331.000000 1046.250000 226.099933 0 0 0
09310 331.000000 1046.250000 226.199933 0 0 0
09311 331.000000 1046.250000 232.049930 0 0 0
09312 331.000000 1046.250000 232.149930 0 0 0
09313 331.000000 1046.250000 237.999927 0 0 0
09314 331.000000 1046.250000 238.099927 0 0 0
09315 331.000000 1046.250000 243.949924 0 0 0
09316 331.000000 1046.250000 244.049924 0 0 0
09317 331.000000 1046.250000 249.899921 0 0 0
09318 331.000000 1046.250000 249.999921 0 0 0
09319 331.000000 1046.250000 255.849918 0 0 0
09320 331.000000 1046.250000 255.949918 0 0 0
09321 331.000000 1046.250000 261.799915 0 0 0
09322 331.000000 1046.250000 261.899915 0 0 0
09323 331.000000 1046.250000 267.749927 0 0 0
09324 331.000000 1046.250000 267.849927 0 0 0
09325 331.000000 1046.250000 273.699939 0 0 0
09326 331.000000 1046.250000 273.799939 0 0 0
09327 331.000000 1046.250000 279.649951 0 0 0
09328 331.000000 1046.250000 279.749951 0 0 0
09329 331.000000 1046.250000 285.599963 0 0 0
09330 331.000000 1046.250000 285.699963 0 0 0
09331 331.000000 1046.250000 291.549976 0 0 0
07900 331.050000 1046.250000 292.599976 0 0 0
07901 336.900012 1046.250000 292.599976 0 0 0
07902 337.000012 1046.250000 292.599976 0 0 0
07903 342.850024 1046.250000 292.599976 0 0 0
07904 342.950024 1046.250000 292.599976 0 0 0
07905 348.800037 1046.250000 292.599976 0 0 0
07906 348.900037 1046.250000 292.599976 0 0 0
07907 354.750049 1046.250000 292.599976 0 0 0
07908 354.850049 1046.250000 292.599976 0 0 0
07909 360.700061 1046.250000 292.599976 0 0 0
07910 360.800061 1046.250000 292.599976 0 0 0
07911 366.650073 1046.250000 292.599976 0 0 0
07912 366.750073 1046.250000 292.599976 0 0 0
07913 372.600085 1046.250000 292.599976 0 0 0
07914 372.700085 1046.250000 292.599976 0 0 0
07915 378.550098 1046.250000 292.599976 0 0 0
07916 378.650098 1046.250000 292.599976 0 0 0
07917 384.500110 1046.250000 292.599976 0 0 0
07918 384.600110 1046.250000 292.599976 0 0 0
07919 390.450122 1046.250000 292.599976 0 0 0
07920 390.550122 1046.250000 292.599976 0 0 0
07921 396.400134 1046.250000 292.599976 0 0 0
07922 396.500134 1046.250000 292.599976 0 0 0
07923 402.350146 1046.250000 292.599976 0 0 0
07924 402.450146 1046.250000 292.599976 0 0 0
07925 408.300159 1046.250000 292.599976 0 0 0
07926 408.400159 1046.250000 292.599976 0 0 0
07927 414.250171 1046.250000 292.599976 0 0 0
07928 414.350171 1046.250000 292.599976 0 0 0
07929 420.200183 1046.250000 292.599976 0 0 0
07930 420.300183 1046.250000 292.599976 0 0 0
07931 426.150195 1046.250000 292.599976 0 0 0
08100 427.250195 1046.250000 292.599976 0 0 0
08101 433.100208 1046.250000 292.599976 0 0 0
08102 433.200208 1046.250000 292.599976 0 0 0
08103 439.050220 1046.250000 292.599976 0 0 0
08104 439.150220 1046.250000 292.599976 0 0 0
08105 445.000232 1046.250000 292.599976 0 0 0
08106 445.100232 1046.250000 292.599976 0 0 0
08107 450.950244 1046.250000 292.599976 0 0 0
08108 451.050244 1046.250000 292.599976 0 0 0
08109 456.900256 1046.250000 292.599976 0 0 0
08110 457.000256 1046.250000 292.599976 0 0 0
08111 462.850269 1046.250000 292.599976 0 0 0
08112 462.950269 1046.250000 292.599976 0 0 0
08113 468.800281 1046.250000 292.599976 0 0 0
08114 468.900281 1046.250000 292.599976 0 0 0
08115 474.750293 1046.250000 292.599976 0 0 0
08116 474.850293 1046.250000 292.599976 0 0 0
08117 480.700305 1046.250000 292.599976 0 0 0
08118 480.800305 1046.250000 292.599976 0 0 0
08119 486.650317 1046.250000 292.599976 0 0 0
08120 486.750317 1046.250000 292.599976 0 0 0
08121 492.600330 1046.250000 292.599976 0 0 0
08122 492.700330 1046.250000 292.599976 0 0 0
08123 498.550342 1046.250000 292.599976 0 0 0
08124 498.650342 1046.250000 292.599976 0 0 0
08125 504.500354 1046.250000 292.599976 0 0 0
08126 504.600354 1046.250000 292.599976 0 0 0
08127 510.450366 1046.250000 292.599976 0 0 0
08128 510.550366 1046.250000 292.599976 0 0 0
08129 516.400378 1046.250000 292.599976 0 0 0
08130 516.500378 1046.250000 292.599976 0 0 0
08131 522.350391 1046.250000 292.599976 0 0 0
08000 523.450391 1046.250000 292.599976 0 0 0
08001 529.300403 1046.250000 292.599976 0 0 0
08002 529.400403 1046.250000 292.599976 0 0 0
08003 535.250415 1046.250000 292.599976 0 0 0
08004 535.350415 1046.250000 292.599976 0 0 0
08005 541.200427 1046.250000 292.599976 0 0 0
08006 541.300427 1046.250000 292.599976 0 0 0
08007 547.150439 1046.250000 292.599976 0 0 0
08008 547.250439 1046.250000 292.599976 0 0 0
08009 553.100452 1046.250000 292.599976 0 0 0
08010 553.200452 1046.250000 292.599976 0 0 0
08011 559.050464 1046.250000 292.599976 0 0 0
08012 559.150464 1046.250000 292.599976 0 0 0
08013 565.000476 1046.250000 292.599976 0 0 0
08014 565.100476 1046.250000 292.599976 0 0 0
08015 570.950488 1046.250000 292.599976 0 0 0
08016 571.050488 1046.250000 292.599976 0 0 0
08017 576.900500 1046.250000 292.599976 0 0 0
08018 577.000500 1046.250000 292.599976 0 0 0
08019 582.850513 1046.250000 292.599976 0 0 0
08020 582.950513 1046.250000 292.599976 0 0 0
08021 588.800525 1046.250000 292.599976 0 0 0
08022 588.900525 1046.250000 292.599976 0 0 0
08023 594.750537 1046.250000 292.599976 0 0 0
08024 594.850537 1046.250000 292.599976 0 0 0
08025 600.700549 1046.250000 292.599976 0 0 0
08026 600.800549 1046.250000 292.599976 0 0 0
08027 606.650562 1046.250000 292.599976 0 0 0
08028 606.750562 1046.250000 292.599976 0 0 0
08029 612.600574 1046.250000 292.599976 0 0 0
08030 612.700574 1046.250000 292.599976 0 0 0
08031 618.550586 1046.250000 292.599976 0 0 0
10400 282.000000 100.000000 4.050000 0 0 0
10401 282.000000 100.000000 9.900000 0 0 0
10402 282.000000 100.000000 10.000000 0 0 0
10403 282.000000 100.000000 15.850000 0 0 0
10404 282.000000 100.000000 15.950000 0 0 0
10405 282.000000 100.000000 21.800000 0 0 0
10406 282.000000 100.000000 21.900000 0 0 0
10407 282.000000 100.000000 27.750001 0 0 0
10408 282.000000 100.000000 27.850001 0 0 0
10409 282.000000 100.000000 33.700000 0 0 0
10410 282.000000 100.000000 33.800000 0 0 0
10411 282.000000 100.000000 39.650001 0 0 0
10412 282.000000 100.000000 39.750001 0 0 0
10413 282.000000 100.000000 45.600002 0 0 0
10414 282.000000 100.000000 45.700002 0 0 0
10415 282.000000 100.000000 51.550002 0 0 0
10416 282.000000 100.000000 51.650002 0 0 0
10417 282.000000 100.000000 57.500003 0 0 0
10418 282.000000 100.000000 57.600003 0 0 0
10419 282.000000 100.000000 63.450004 0 0 0
10420 282.000000 100.000000 63.550004 0 0 0
10421 282.000000 100.000000 69.400005 0 0 0
10422 282.000000 100.000000 69.500005 0 0 0
10423 282.000000 100.000000 75.350002 0 0 0
10424 282.000000 100.000000 75.450002 0 0 0
10425 282.000000 100.000000 81.299998 0 0 0
10426 282.000000 100.000000 81.399998 0 0 0
10427 282.000000 100.000000 87.249995 0 0 0
10428 282.000000 100.000000 87.349995 0 0 0
10429 282.000000 100.000000 93.199992 0 0 0
10430 282.000000 100.000000 93.299992 0 0 0
10431 282.000000 100.000000 99.149989 0 0 0
10300 282.000000 100.000000 100.249989 0 0 0
10301 282.000000 100.000000 106.099986 0 0 0
10302 282.000000 100.000000 106.199986 0 0 0
10303 282.000000 100.000000 112.049983 0 0 0
10304 282.000000 100.000000 112.149983 0 0 0
10305 282.000000 100.000000 117.999980 0 0 0
10306 282.000000 100.000000 118.099980 0 0 0
10307 282.000000 100.000000 123.949977 0 0 0
10308 282.000000 100.000000 124.049977 0 0 0
10309 282.000000 100.000000 129.899982 0 0 0
10310 282.000000 100.000000 129.999982 0 0 0
10311 282.000000 100.000000 135.849979 0 0 0
10312 282.000000 100.000000 135.949979 0 0 0
10313 282.000000 100.000000 141.799976 0 0 0
10314 282.000000 100.000000 141.899976 0 0 0
10315 282.000000 100.000000 147.749973 0 0 0
10316 282.000000 100.000000 147.849973 0 0 0
10317 282.000000 100.000000 153.699969 0 0 0
10318 282.000000 100.000000 153.799969 0 0 0
10319 282.000000 100.000000 159.649966 0 0 0
10320 282.000000 100.000000 159.749966 0 0 0
10321 282.000000 100.000000 165.599963 0 0 0
10322 282.000000 100.000000 165.699963 0 0 0
10323 282.000000 100.000000 171.549960 0 0 0
10324 282.000000 100.000000 171.649960 0 0 0
10325 282.000000 100.000000 177.499957 0 0 0
10326 282.000000 100.000000 177.599957 0 0 0
10327 282.000000 100.000000 183.449954 0 0 0
10328 282.000000 100.000000 183.549954 0 0 0
10329 282.000000 100.000000 189.399951 0 0 0
10330 282.000000 100.000000 189.499951 0 0 0
10331 282.000000 100.000000 195.349948 0 0 0
10200 282.000000 100.000000 196.449948 0 0 0
10201 282.000000 100.000000 202.299945 0 0 0
10202 282.000000 100.000000 202.399945 0 0 0
10203 282.000000 100.000000 208.249942 0 0 0
10204 282.000000 100.000000 208.349942 0 0 0
10205 282.000000 100.000000 214.199939 0 0 0
10206 282.000000 100.000000 214.299939 0 0 0
10207 282.000000 100.000000 220.149936 0 0 0
10208 282.000000 100.000000 220.249936 0 0 0
10209 282.000000 100.000000 226.099933 0 0 0
10210 282.000000 100.000000 226.199933 0 0 0
10211 282.000000 100.000000 232.049930 0 0 0
10212 282.000000 100.000000 232.149930 0 0 0
10213 282.000000 100.000000 237.999927 0 0 0
10214 282.000000 100.000000 238.099927 0 0 0
10215 282.000000 100.000000 243.949924 0 0 0
10216 282.000000 100.000000 244.049924 0 0 0
10217 282.000000 100.000000 249.899921 0 0 0
10218 282.000000 100.000000 249.999921 0 0 0
10219 282.000000 100.000000 255.849918 0 0 0
10220 282.000000 100.000000 255.949918 0 0 0
10221 282.000000 100.000000 261.799915 0 0 0
10222 282.000000 100.000000 261.899915 0 0 0
10223 282.000000 100.000000 267.749927 0 0 0
10224 282.000000 100.000000 267.849927 0 0 0
10225 282.000000 100.000000 273.699939 0 0 0
10226 282.000000 100.000000 273.799939 0 0 0
10227 282.000000 100.000000 279.649951 0 0 0
10228 282.000000 100.000000 279.749951 0 0 0
10229 282.000000 100.000000 285.599963 0 0 0
10230 282.000000 100.000000 285.699963 0 0 0
10231 282.000000 100.000000 291.549976 0 0 0
09100 10.050000 100.000000 276.000000 0 0 0
09101 15.900000 100.000000 276.000000 0 0 0
09102 16.000000 100.000000 276.000000 0 0 0
09103 21.850000 100.000000 276.000000 0 0 0
09104 21.950000 100.000000 276.000000 0 0 0
09105 27.800000 100.000000 276.000000 0 0 0
09106 27.900000 100.000000 276.000000 0 0 0
09107 33.749999 100.000000 276.000000 0 0 0
09108 33.849999 100.000000 276.000000 0 0 0
09109 39.700000 100.000000 276.000000 0 0 0
09110 39.800000 100.000000 276.000000 0 0 0
09111 45.650001 100.000000 276.000000 0 0 0
09112 45.750001 100.000000 276.000000 0 0 0
09113 51.600002 100.000000 276.000000 0 0 0
09114 51.700002 100.000000 276.000000 0 0 0
09115 57.550002 100.000000 276.000000 0 0 0
09116 57.650002 100.000000 276.000000 0 0 0
09117 63.500003 100.000000 276.000000 0 0 0
09118 63.600003 100.000000 276.000000 0 0 0
09119 69.450000 100.000000 276.000000 0 0 0
09120 69.550000 100.000000 276.000000 0 0 0
09121 75.399997 100.000000 276.000000 0 0 0
09122 75.499997 100.000000 276.000000 0 0 0
09123 81.349994 100.000000 276.000000 0 0 0
09124 81.449994 100.000000 276.000000 0 0 0
09125 87.299991 100.000000 276.000000 0 0 0
09126 87.399991 100.000000 276.000000 0 0 0
09127 93.249988 100.000000 276.000000 0 0 0
09128 93.349988 100.000000 276.000000 0 0 0
09129 99.199985 100.000000 276.000000 0 0 0
09130 99.299985 100.000000 276.000000 0 0 0
09131 105.149982 100.000000 276.000000 0 0 0
09000 106.249982 100.000000 276.000000 0 0 0
09001 112.099979 100.000000 276.000000 0 0 0
09002 112.199979 100.000000 276.000000 0 0 0
09003 118.049976 100.000000 276.000000 0 0 0
09004 118.149976 100.000000 276.000000 0 0 0
09005 123.999973 100.000000 276.000000 0 0 0
09006 124.099973 100.000000 276.000000 0 0 0
09007 129.949969 100.000000 276.000000 0 0 0
09008 130.049969 100.000000 276.000000 0 0 0
09009 135.899966 100.000000 276.000000 0 0 0
09010 135.999966 100.000000 276.000000 0 0 0
09011 141.849963 100.000000 276.000000 0 0 0
09012 141.949963 100.000000 276.000000 0 0 0
09013 147.799960 100.000000 276.000000 0 0 0
09014 147.899960 100.000000 276.000000 0 0 0
09015 153.749957 100.000000 276.000000 0 0 0
09016 153.849957 100.000000 276.000000 0 0 0
09017 159.699954 100.000000 276.000000 0 0 0
09018 159.799954 100.000000 276.000000 0 0 0
09019 165.649951 100.000000 276.000000 0 0 0
09020 165.749951 100.000000 276.000000 0 0 0
09021 171.599948 100.000000 276.000000 0 0 0
09022 171.699948 100.000000 276.000000 0 0 0
09023 177.549945 100.000000 276.000000 0 0 0
09024 177.649945 100.000000 276.000000 0 0 0
09025 183.499942 100.000000 276.000000 0 0 0
09026 183.599942 100.000000 276.000000 0 0 0
09027 189.449939 100.000000 276.000000 0 0 0
09028 189.549939 100.000000 276.000000 0 0 0
09029 195.399936 100.000000 276.000000 0 0 0
09030 195.499936 100.000000 276.000000 0 0 0
09031 201.349933 100.000000 276.000000 0 0 0
08900 202.449933 100.000000 276.000000 0 0 0
08901 208.299930 100.000000 276.000000 0 0 0
08902 208.399930 100.000000 276.000000 0 0 0
08903 214.249927 100.000000 276.000000 0 0 0
08904 214.349927 100.000000 276.000000 0 0 0
08905 220.199924 100.000000 276.000000 0 0 0
08906 220.299924 100.000000 276.000000 0 0 0
08907 226.149921 100.000000 276.000000 0 0 0
08908 226.249921 100.000000 276.000000 0 0 0
08909 232.099918 100.000000 276.000000 0 0 0
08910 232.199918 100.000000 276.000000 0 0 0
08911 238.049915 100.000000 276.000000 0 0 0
08912 238.149915 100.000000 276.000000 0 0 0
08913 243.999911 100.000000 276.000000 0 0 0
08914 244.099911 100.000000 276.000000 0 0 0
08915 249.949908 100.000000 276.000000 0 0 0
08916 250.049908 100.000000 276.000000 0 0 0
08917 255.899905 100.000000 276.000000 0 0 0
08918 255.999905 100.000000 276.000000 0 0 0
08919 261.849902 100.000000 276.000000 0 0 0
08920 261.949902 100.000000 276.000000 0 0 0
08921 267.799915 100.000000 276.000000 0 0 0
08922 267.899915 100.000000 276.000000 0 0 0
08923 273.749927 100.000000 276.000000 0 0 0
08924 273.849927 100.000000 276.000000 0 0 0
08925 279.699939 100.000000 276.000000 0 0 0
08926 279.799939 100.000000 276.000000 0 0 0
08927 285.649951 100.000000 276.000000 0 0 0
08928 285.749951 100.000000 276.000000 0 0 0
08929 291.599963 100.000000 276.000000 0 0 0
08930 291.699963 100.000000 276.000000 0 0 0
08931 297.549976 100.000000 276.000000 0 0 0
10100 570.599976 100.000000 4.050000 0 0 0
10101 570.599976 100.000000 9.900000 0 0 0
10102 570.599976 100.000000 10.000000 0 0 0
10103 570.599976 100.000000 15.850000 0 0 0
10104 570.599976 100.000000 15.950000 0 0 0
10105 570.599976 100.000000 21.800000 0 0 0
10106 570.599976 100.000000 21.900000 0 0 0
10107 570.599976 100.000000 27.750001 0 0 0
10108 570.599976 100.000000 27.850001 0 0 0
10109 570.599976 100.000000 33.700000 0 0 0
10110 570.599976 100.000000 33.800000 0 0 0
10111 570.599976 100.000000 39.650001 0 0 0
10112 570.599976 100.000000 39.750001 0 0 0
10113 570.599976 100.000000 45.600002 0 0 0
10114 570.599976 100.000000 45.700002 0 0 0
10115 570.599976 100.000000 51.550002 0 0 0
10116 570.599976 100.000000 51.650002 0 0 0
10117 570.599976 100.000000 57.500003 0 0 0
10118 570.599976 100.000000 57.600003 0 0 0
10119 570.599976 100.000000 63.450004 0 0 0
10120 570.599976 100.000000 63.550004 0 0 0
10121 570.599976 100.000000 69.400005 0 0 0
10122 570.599976 100.000000 69.500005 0 0 0
10123 570.599976 100.000000 75.350002 0 0 0
10124 570.599976 100.000000 75.450002 0 0 0
10125 570.599976 100.000000 81.299998 0 0 0
10126 570.599976 100.000000 81.399998 0 0 0
10127 570.599976 100.000000 87.249995 0 0 0
10128 570.599976 100.000000 87.349995 0 0 0
10129 570.599976 100.000000 93.199992 0 0 0
10130 570.599976 100.000000 93.299992 0 0 0
10131 570.599976 100.000000 99.149989 0 0 0
10000 570.599976 100.000000 100.249989 0 0 0
10001 570.599976 100.000000 106.099986 0 0 0
10002 570.599976 100.000000 106.199986 0 0 0
10003 570.599976 100.000000 112.049983 0 0 0
10004 570.599976 100.000000 112.149983 0 0 0
10005 570.599976 100.000000 117.999980 0 0 0
10006 570.599976 100.000000 118.099980 0 0 0
10007 570.599976 100.000000 123.949977 0 0 0
10008 570.599976 100.000000 124.049977 0 0 0
10009 570.599976 100.000000 129.899982 0 0 0
10010 570.599976 100.000000 129.999982 0 0 0
10011 570.599976 100.000000 135.849979 0 0 0
10012 570.599976 100.000000 135.949979 0 0 0
10013 570.599976 100.000000 141.799976 0 0 0
10014 570.599976 100.000000 141.899976 0 0 0
10015 570.599976 100.000000 147.749973 0 0 0
10016 570.599976 100.000000 147.849973 0 0 0
10017 570.599976 100.000000 153.699969 0 0 0
10018 570.599976 100.000000 153.799969 0 0 0
10019 570.599976 100.000000 159.649966 0 0 0
10020 570.599976 100.000000 159.749966 0 0 0
10021 570.599976 100.000000 165.599963 0 0 0
10022 570.599976 100.000000 165.699963 0 0 0
10023 570.599976 100.000000 171.549960 0 0 0
10024 570.599976 100.000000 171.649960 0 0 0
10025 570.599976 100.000000 177.499957 0 0 0
10026 570.599976 100.000000 177.599957 0 0 0
10027 570.599976 100.000000 183.449954 0 0 0
10028 570.599976 100.000000 183.549954 0 0 0
10029 570.599976 100.000000 189.399951 0 0 0
10030 570.599976 100.000000 189.499951 0 0 0
10031 570.599976 100.000000 195.349948 0 0 0
09900 570.599976 100.000000 196.449948 0 0 0
09901 570.599976 100.000000 202.299945 0 0 0
09902 570.599976 100.000000 202.399945 0 0 0
09903 570.599976 100.000000 208.249942 0 0 0
09904 570.599976 100.000000 208.349942 0 0 0
09905 570.599976 100.000000 214.199939 0 0 0
09906 570.599976 100.000000 214.299939 0 0 0
09907 570.599976 100.000000 220.149936 0 0 0
09908 570.599976 100.000000 220.249936 0 0 0
09909 570.599976 100.000000 226.099933 0 0 0
09910 570.599976 100.000000 226.199933 0 0 0
09911 570.599976 100.000000 232.049930 0 0 0
09912 570.599976 100.000000 232.149930 0 0 0
09913 570.599976 100.000000 237.999927 0 0 0
09914 570.599976 100.000000 238.099927 0 0 0
09915 570.599976 100.000000 243.949924 0 0 0
09916 570.599976 100.000000 244.049924 0 0 0
09917 570.599976 100.000000 249.899921 0 0 0
09918 570.599976 100.000000 249.999921 0 0 0
09919 570.599976 100.000000 255.849918 0 0 0
09920 570.599976 100.000000 255.949918 0 0 0
09921 570.599976 100.000000 261.799915 0 0 0
09922 570.599976 100.000000 261.899915 0 0 0
09923 570.599976 100.000000 267.749927 0 0 0
09924 570.599976 100.000000 267.849927 0 0 0
09925 570.599976 100.000000 273.699939 0 0 0
09926 570.599976 100.000000 273.799939 0 0 0
09927 570.599976 100.000000 279.649951 0 0 0
09928 570.599976 100.000000 279.749951 0 0 0
09929 570.599976 100.000000 285.599963 0 0 0
09930 570.599976 100.000000 285.699963 0 0 0
09931 570.599976 100.000000 291.549976 0 0 0
08800 298.649976 100.000000 276.000000 0 0 0
08801 304.499988 100.000000 276.000000 0 0 0
08802 304.599988 100.000000 276.000000 0 0 0
08803 310.450000 100.000000 276.000000 0 0 0
08804 310.550000 100.000000 276.000000 0 0 0
08805 316.400012 100.000000 276.000000 0 0 0
08806 316.500012 100.000000 276.000000 0 0 0
08807 322.350024 100.000000 276.000000 0 0 0
08808 322.450024 100.000000 276.000000 0 0 0
08809 328.300037 100.000000 276.000000 0 0 0
08810 328.400037 100.000000 276.000000 0 0 0
08811 334.250049 100.000000 276.000000 0 0 0
08812 334.350049 100.000000 276.000000 0 0 0
08813 340.200061 100.000000 276.000000 0 0 0
08814 340.300061 100.000000 276.000000 0 0 0
08815 346.150073 100.000000 276.000000 0 0 0
08816 346.250073 100.000000 276.000000 0 0 0
08817 352.100085 100.000000 276.000000 0 0 0
08818 352.200085 100.000000 276.000000 0 0 0
08819 358.050098 100.000000 276.000000 0 0 0
08820 358.150098 100.000000 276.000000 0 0 0
08821 364.000110 100.000000 276.000000 0 0 0
08822 364.100110 100.000000 276.000000 0 0 0
08823 369.950122 100.000000 276.000000 0 0 0
08824 370.050122 100.000000 276.000000 0 0 0
08825 375.900134 100.000000 276.000000 0 0 0
08826 376.000134 100.000000 276.000000 0 0 0
08827 381.850146 100.000000 276.000000 0 0 0
08828 381.950146 100.000000 276.000000 0 0 0
08829 387.800159 100.000000 276.000000 0 0 0
08830 387.900159 100.000000 276.000000 0 0 0
08831 393.750171 100.000000 276.000000 0 0 0
08700 394.850171 100.000000 276.000000 0 0 0
08701 400.700183 100.000000 276.000000 0 0 0
08702 400.800183 100.000000 276.000000 0 0 0
08703 406.650195 100.000000 276.000000 0 0 0
08704 406.750195 100.000000 276.000000 0 0 0
08705 412.600208 100.000000 276.000000 0 0 0
08706 412.700208 100.000000 276.000000 0 0 0
08707 418.550220 100.000000 276.000000 0 0 0
08708 418.650220 100.000000 276.000000 0 0 0
08709 424.500232 100.000000 276.000000 0 0 0
08710 424.600232 100.000000 276.000000 0 0 0
08711 430.450244 100.000000 276.000000 0 0 0
08712 430.550244 100.000000 276.000000 0 0 0
08713 436.400256 100.000000 276.000000 0 0 0
08714 436.500256 100.000000 276.000000 0 0 0
08715 442.350269 100.000000 276.000000 0 0 0
08716 442.450269 100.000000 276.000000 0 0 0
08717 448.300281 100.000000 276.000000 0 0 0
08718 448.400281 100.000000 276.000000 0 0 0
08719 454.250293 100.000000 276.000000 0 0 0
08720 454.350293 100.000000 276.000000 0 0 0
08721 460.200305 100.000000 276.000000 0 0 0
08722 460.300305 100.000000 276.000000 0 0 0
08723 466.150317 100.000000 276.000000 0 0 0
08724 466.250317 100.000000 276.000000 0 0 0
08725 472.100330 100.000000 276.000000 0 0 0
08726 472.200330 100.000000 276.000000 0 0 0
08727 478.050342 100.000000 276.000000 0 0 0
08728 478.150342 100.000000 276.000000 0 0 0
08729 484.000354 100.000000 276.000000 0 0 0
08730 484.100354 100.000000 276.000000 0 0 0
08731 489.950366 100.000000 276.000000 0 0 0
08600 491.050366 100.000000 276.000000 0 0 0
08601 496.900378 100.000000 276.000000 0 0 0
08602 497.000378 100.000000 276.000000 0 0 0
08603 502.850391 100.000000 276.000000 0 0 0
08604 502.950391 100.000000 276.000000 0 0 0
08605 508.800403 100.000000 276.000000 0 0 0
08606 508.900403 100.000000 276.000000 0 0 0
08607 514.750415 100.000000 276.000000 0 0 0
08608 514.850415 100.000000 276.000000 0 0 0
08609 520.700427 100.000000 276.000000 0 0 0
08610 520.800427 100.000000 276.000000 0 0 0
08611 526.650439 100.000000 276.000000 0 0 0
08612 526.750439 100.000000 276.000000 0 0 0
08613 532.600452 100.000000 276.000000 0 0 0
08614 532.700452 100.000000 276.000000 0 0 0
08615 538.550464 100.000000 276.000000 0 0 0
08616 538.650464 100.000000 276.000000 0 0 0
08617 544.500476 100.000000 276.000000 0 0 0
08618 544.600476 100.000000 276.000000 0 0 0
08619 550.450488 100.000000 276.000000 0 0 0
08620 550.550488 100.000000 276.000000 0 0 0
08621 556.400500 100.000000 276.000000 0 0 0
08622 556.500500 100.000000 276.000000 0 0 0
08623 562.350513 100.000000 276.000000 0 0 0
08624 562.450513 100.000000 276.000000 0 0 0
08625 568.300525 100.000000 276.000000 0 0 0
08626 568.400525 100.000000 276.000000 0 0 0
08627 574.250537 100.000000 276.000000 0 0 0
08628 574.350537 100.000000 276.000000 0 0 0
08629 580.200549 100.000000 276.000000 0 0 0
08630 580.300549 100.000000 276.000000 0 0 0
08631 586.150562 100.000000 276.000000 0 0 0
09800 859.200562 100.000000 4.050000 0 0 0
09801 859.200562 100.000000 9.900000 0 0 0
09802 859.200562 100.000000 10.000000 0 0 0
09803 859.200562 100.000000 15.850000 0 0 0
09804 859.200562 100.000000 15.950000 0 0 0
09805 859.200562 100.000000 21.800000 0 0 0
09806 859.200562 100.000000 21.900000 0 0 0
09807 859.200562 100.000000 27.750001 0 0 0
09808 859.200562 100.000000 27.850001 0 0 0
09809 859.200562 100.000000 33.700000 0 0 0
09810 859.200562 100.000000 33.800000 0 0 0
09811 859.200562 100.000000 39.650001 0 0 0
09812 859.200562 100.000000 39.750001 0 0 0
09813 859.200562 100.000000 45.600002 0 0 0
09814 859.200562 100.000000 45.700002 0 0 0
09815 859.200562 100.000000 51.550002 0 0 0
09816 859.200562 100.000000 51.650002 0 0 0
09817 859.200562 100.000000 57.500003 0 0 0
09818 859.200562 100.000000 57.600003 0 0 0
09819 859.200562 100.000000 63.450004 0 0 0
09820 859.200562 100.000000 63.550004 0 0 0
09821 859.200562 100.000000 69.400005 0 0 0
09822 859.200562 100.000000 69.500005 0 0 0
09823 859.200562 100.000000 75.350002 0 0 0
09824 859.200562 100.000000 75.450002 0 0 0
09825 859.200562 100.000000 81.299998 0 0 0
09826 859.200562 100.000000 81.399998 0 0 0
09827 859.200562 100.000000 87.249995 0 0 0
09828 859.200562 100.000000 87.349995 0 0 0
09829 859.200562 100.000000 93.199992 0 0 0
09830 859.200562 100.000000 93.299992 0 0 0
09831 859.200562 100.000000 99.149989 0 0 0
09700 859.200562 100.000000 100.249989 0 0 0
09701 859.200562 100.000000 106.099986 0 0 0
09702 859.200562 100.000000 106.199986 0 0 0
09703 859.200562 100.000000 112.049983 0 0 0
09704 859.200562 100.000000 112.149983 0 0 0
09705 859.200562 100.000000 117.999980 0 0 0
09706 859.200562 100.000000 118.099980 0 0 0
09707 859.200562 100.000000 123.949977 0 0 0
09708 859.200562 100.000000 124.049977 0 0 0
09709 859.200562 100.000000 129.899982 0 0 0
09710 859.200562 100.000000 129.999982 0 0 0
09711 859.200562 100.000000 135.849979 0 0 0
09712 859.200562 100.000000 135.949979 0 0 0
09713 859.200562 100.000000 141.799976 0 0 0
09714 859.200562 100.000000 141.899976 0 0 0
09715 859.200562 100.000000 147.749973 0 0 0
09716 859.200562 100.000000 147.849973 0 0 0
09717 859.200562 100.000000 153.699969 0 0 0
09718 859.200562 100.000000 153.799969 0 0 0
09719 859.200562 100.000000 159.649966 0 0 0
09720 859.200562 100.000000 159.749966 0 0 0
09721 859.200562 100.000000 165.599963 0 0 0
09722 859.200562 100.000000 165.699963 0 0 0
09723 859.200562 100.000000 171.549960 0 0 0
09724 859.200562 100.000000 171.649960 0 0 0
09725 859.200562 100.000000 177.499957 0 0 0
09726 859.200562 100.000000 177.599957 0 0 0
09727 859.200562 100.000000 183.449954 0 0 0
09728 859.200562 100.000000 183.549954 0 0 0
09729 859.200562 100.000000 189.399951 0 0 0
09730 859.200562 100.000000 189.499951 0 0 0
09731 859.200562 100.000000 195.349948 0 0 0
09600 859.200562 100.000000 196.449948 0 0 0
09601 859.200562 100.000000 202.299945 0 0 0
09602 859.200562 100.000000 202.399945 0 0 0
09603 859.200562 100.000000 208.249942 0 0 0
09604 859.200562 100.000000 208.349942 0 0 0
09605 859.200562 100.000000 214.199939 0 0 0
09606 859.200562 100.000000 214.299939 0 0 0
09607 859.200562 100.000000 220.149936 0 0 0
09608 859.200562 100.000000 220.249936 0 0 0
09609 859.200562 100.000000 226.099933 0 0 0
09610 859.200562 100.000000 226.199933 0 0 0
09611 859.200562 100.000000 232.049930 0 0 0
09612 859.200562 100.000000 232.149930 0 0 0
09613 859.200562 100.000000 237.999927 0 0 0
09614 859.200562 100.000000 238.099927 0 0 0
09615 859.200562 100.000000 243.949924 0 0 0
09616 859.200562 100.000000 244.049924 0 0 0
09617 859.200562 100.000000 249.899921 0 0 0
09618 859.200562 100.000000 249.999921 0 0 0
09619 859.200562 100.000000 255.849918 0 0 0
09620 859.200562 100.000000 255.949918 0 0 0
09621 859.200562 100.000000 261.799915 0 0 0
09622 859.200562 100.000000 261.899915 0 0 0
09623 859.200562 100.000000 267.749927 0 0 0
09624 859.200562 100.000000 267.849927 0 0 0
09625 859.200562 100.000000 273.699939 0 0 0
09626 859.200562 100.000000 273.799939 0 0 0
09627 859.200562 100.000000 279.649951 0 0 0
09628 859.200562 100.000000 279.749951 0 0 0
09629 859.200562 100.000000 285.599963 0 0 0
09630 859.200562 100.000000 285.699963 0 0 0
09631 859.200562 100.000000 291.549976 0 0 0
08500 587.250562 100.000000 276.000000 0 0 0
08501 593.100574 100.000000 276.000000 0 0 0
08502 593.200574 100.000000 276.000000 0 0 0
08503 599.050586 100.000000 276.000000 0 0 0
08504 599.150586 100.000000 276.000000 0 0 0
08505 605.000598 100.000000 276.000000 0 0 0
08506 605.100598 100.000000 276.000000 0 0 0
08507 610.950610 100.000000 276.000000 0 0 0
08508 611.050610 100.000000 276.000000 0 0 0
08509 616.900623 100.000000 276.000000 0 0 0
08510 617.000623 100.000000 276.000000 0 0 0
08511 622.850635 100.000000 276.000000 0 0 0
08512 622.950635 100.000000 276.000000 0 0 0
08513 628.800647 100.000000 276.000000 0 0 0
08514 628.900647 100.000000 276.000000 0 0 0
08515 634.750659 100.000000 276.000000 0 0 0
08516 634.850659 100.000000 276.000000 0 0 0
08517 640.700671 100.000000 276.000000 0 0 0
08518 640.800671 100.000000 276.000000 0 0 0
08519 646.650684 100.000000 276.000000 0 0 0
08520 646.750684 100.000000 276.000000 0 0 0
08521 652.600696 100.000000 276.000000 0 0 0
08522 652.700696 100.000000 276.000000 0 0 0
08523 658.550708 100.000000 276.000000 0 0 0
08524 658.650708 100.000000 276.000000 0 0 0
08525 664.500720 100.000000 276.000000 0 0 0
08526 664.600720 100.000000 276.000000 0 0 0
08527 670.450732 100.000000 276.000000 0 0 0
08528 670.550732 100.000000 276.000000 0 0 0
08529 676.400745 100.000000 276.000000 0 0 0
08530 676.500745 100.000000 276.000000 0 0 0
08531 682.350757 100.000000 276.000000 0 0 0
08400 683.450757 100.000000 276.000000 0 0 0
08401 689.300769 100.000000 276.000000 0 0 0
08402 689.400769 100.000000 276.000000 0 0 0
08403 695.250781 100.000000 276.000000 0 0 0
08404 695.350781 100.000000 276.000000 0 0 0
08405 701.200793 100.000000 276.000000 0 0 0
08406 701.300793 100.000000 276.000000 0 0 0
08407 707.150806 100.000000 276.000000 0 0 0
08408 707.250806 100.000000 276.000000 0 0 0
08409 713.100818 100.000000 276.000000 0 0 0
08410 713.200818 100.000000 276.000000 0 0 0
08411 719.050830 100.000000 276.000000 0 0 0
08412 719.150830 100.000000 276.000000 0 0 0
08413 725.000842 100.000000 276.000000 0 0 0
08414 725.100842 100.000000 276.000000 0 0 0
08415 730.950854 100.000000 276.000000 0 0 0
08416 731.050854 100.000000 276.000000 0 0 0
08417 736.900867 100.000000 276.000000 0 0 0
08418 737.000867 100.000000 276.000000 0 0 0
08419 742.850879 100.000000 276.000000 0 0 0
08420 742.950879 100.000000 276.000000 0 0 0
08421 748.800891 100.000000 276.000000 0 0 0
08422 748.900891 100.000000 276.000000 0 0 0
08423 754.750903 100.000000 276.000000 0 0 0
08424 754.850903 100.000000 276.000000 0 0 0
08425 760.700916 100.000000 276.000000 0 0 0
08426 760.800916 100.000000 276.000000 0 0 0
08427 766.650928 100.000000 276.000000 0 0 0
08428 766.750928 100.000000 276.000000 0 0 0
08429 772.600940 100.000000 276.000000 0 0 0
08430 772.700940 100.000000 276.000000 0 0 0
08431 778.550952 100.000000 276.000000 0 0 0
08300 779.650952 100.000000 276.000000 0 0 0
08301 785.500964 100.000000 276.000000 0 0 0
08302 785.600964 100.000000 276.000000 0 0 0
08303 791.450977 100.000000 276.000000 0 0 0
08304 791.550977 100.000000 276.000000 0 0 0
08305 797.400989 100.000000 276.000000 0 0 0
08306 797.500989 100.000000 276.000000 0 0 0
08307 803.351001 100.000000 276.000000 0 0 0
08308 803.451001 100.000000 276.000000 0 0 0
08309 809.301013 100.000000 276.000000 0 0 0
08310 809.401013 100.000000 276.000000 0 0 0
08311 815.251025 100.000000 276.000000 0 0 0
08312 815.351025 100.000000 276.000000 0 0 0
08313 821.201038 100.000000 276.000000 0 0 0
08314 821.301038 100.000000 276.000000 0 0 0
08315 827.151050 100.000000 276.000000 0 0 0
08316 827.251050 100.000000 276.000000 0 0 0
08317 833.101062 100.000000 276.000000 0 0 0
08318 833.201062 100.000000 276.000000 0 0 0
08319 839.051074 100.000000 276.000000 0 0 0
08320 839.151074 100.000000 276.000000 0 0 0
08321 845.001086 100.000000 276.000000 0 0 0
08322 845.101086 100.000000 276.000000 0 0 0
08323 850.951099 100.000000 276.000000 0 0 0
08324 851.051099 100.000000 276.000000 0 0 0
08325 856.901111 100.000000 276.000000 0 0 0
08326 857.001111 100.000000 276.000000 0 0 0
08327 862.851123 100.000000 276.000000 0 0 0
08328 862.951123 100.000000 276.000000 0 0 0
08329 868.801135 100.000000 276.000000 0 0 0
08330 868.901135 100.000000 276.000000 0 0 0
08331 874.751147 100.000000 276.000000 0 0 0
